a =

    17     5    12     5
    14    15    14    17
     7     0    19    16
     4    13     7     9

>> roots([2 4 -5])

ans =

   -2.8708
    0.8708

>> a*0.8708

ans =

   14.8036    4.3540   10.4496    4.3540
   12.1912   13.0620   12.1912   14.8036
    6.0956         0   16.5452   13.9328
    3.4832   11.3204    6.0956    7.8372
