d =

     4     1     3
    16     7    18
     7    15     6

>> det(d)

ans =

  -309
