a = [17 5 12 5; 14 15 14 17;7 0 19 16; 4 13 7 9]
b = [1 7 5 4;15 17 5 4;2 0 9 19;7 16 14 11]
c = a-b
c =

    16    -2     7     1
    -1    -2     9    13
     5     0    10    -3
    -3    -3    -7    -2


a*b

ans =

   151   284   288   371
   386   625   509   569
   157   305   430   565
   276   393   274   300
