a = [17 5 12 5; 14 15 14 17;7 0 19 16; 4 13 7 9]
b = [1 7 5 4;15 17 5 4;2 0 9 19;7 16 14 11]
c = a+b
c =

    18    12    17     9
    29    32    19    21
     9     0    28    35
    11    29    21    20
